4874702607714914752
5835191375820269281
45540521788082230
324692358308552430
4646729180006083606
3964173737923747848
187455978900965696
602896624907716626
905991576682964728
5912755833973846868
18289533611757229420
4179087318742194779
3751043147892200805
16188138165339409775
12659484430345729257
751735369465373403
15787126758079550452
2561900175157029359
12898964665736385689
4777552329540785746
18022891105905121529
10174252221492641954
16325078576001511725
12276534250078405817
4839238016204716223
3658658653323582058
6815464490581856410
10299065303624326052
391267708132141385
5124304676750406898
16016438143247314529
14066834293359561926
6442811240944981760
148160294804391866
11172220366678417018
13389445341602988509
13806865574565084744
16839123424570066407
11139779675151915064
13588645173305190651
5073784287861558094
12498560276991585554
3959142945574267103
15881049930447711506
12997106438076901286
14257211138295064
16029548722278906886
10415909822333073040
8724308091205739702
3330833943310335111
4325344363702095739
2996614801672115453
7964673893782916215
15412550122795475526
15304824011544815636
5056994522776984671
8705428498500991140
11536956114075201012
12029979906644123134
11768681773981695283
4584408203958845143
1767025802996305049
11672478003903903537
941944490316279983
10549008456688745651
5315141875575487047
8971536799987876032
9982064081789376471
10802155550941313948
4074147724792802446
3243683805626065110
13157682470943312064
11956428154230912141
4736989022120507222
11440937697330480912
6716534950534450912
16386951091587342146
15373550519145956667
15819273152188223874
15911169040677300916
5730343094349521110
15567071428299294886
17178991153621971998
14512963100351546073
13585534833047170385
17817844820968675179
11115393256838472306
9234348980891588490
2153701109743272266
13746964553983525269
14028712679202106460
2024482621431583541
9688199240742057707
17464171132920953788
8382727314144132810
10726862416215971742
6724188946249052473
2564000551796991966
13195995625634897415
14611211652835644255
17558451738318955816
4344223702803483176
6668475646901236366
12794841531097256947
6269777142802657741
13388954822730783729
17345185489865105304
2363968351086004940
5380879485422869041
16481221038019450706
14591038487492435614
12185736806130608659
7905078105765137929
5792747526117565206
14340384834815123402
12591792016616722014
9665069012116897311
1147942369090643750
8495993443580991746
8525802710196937000
6804024751275371192
13296179899875993181
3353681963845701516
8637847965451127921
15467986508560539735
11292158172906032474
3989923684365507220
14530692506368557930
3349441619739895933
17371478509595477523
17812849642795793811
17097941492585458071
13236227802081120397
11558886904674512408
4444112602787563904
2112308878322558539
7640867858484067603
17385569934691179067
14267825189556299412
4494451451678248469
405885062257517959
1738039364168966433
12813304981393175499
11861428562303797943
18441835452672090510
6900766719502757299
17369052242503363059
15935460304965693425
12472139131140050910
16302283480354081889
14144097709538345116
194031241483815023
3402853668735809655
6752691015583894065
14846039169330490787
3279671666617174588
5349651752238059570
12561668789842461922
11893462893929705228
5503652662492472418
11804186708958356965
12611425305903619896
10642282067781501024
9068757119162565475
6764374752099253411
17582529595820257107
9374239562500810191
1285205011011698912
15819438297272679657
12880755172382995580
17480502303258429993
5151376232427735645
1824833368012609169
11471849700316629942
15182502641979446141
5661061848659480698
7568969492851950582
11447436568753426874
14216902889763161525
8403626605533980976
11491983583685846272
1502253629415880154
17100575969275211089
2149775572197631945
15493917686594916172
4094490764435692537
13548890130111313158
5766535433347029031
5674859435992752534
15374690669139436180
18388210980731636235
15647838870677501228
1102477168737024801
10916079413933097947
9751306387685043775
15888880642546084708
1208458126999759682
13925902161512632927
3421868636458483809
6756536921968746817
7348447710819006384
6125378890949434679
8230805619690780346
15989713108567949778
436126333621822605
15750752776961675364
10802896790238288997
6944368192628204689
16128801213299861960
14442313745284758776
18221554983472701868
173335856089985402
10064703972973583892
6646480253144489036
16457794246291140210
4683160558567068594
5242962755833553187
4607031842625162586
754716164444708753
10066934134177064661
9685635723418703120
16734619320245782804
9541990891763836702
17217360309205258761
1573822666447981628
1616366714517706933
6507777749973288157
2149720059000459493
11477336068289496245
2482816124249826099
1772715284438788168
15302601003449311742
9447991552259743967
12663385257975586489
2394667074804365699
15349247917266452847
11136680643181378317
10803807467542486943
5189785806902891689
15556481442984724950
334009695758536769
5427955931250817728
4947482061849130808
8184874700316724659
5605193934252643127
10001710134357738757
17795153826185276927
8295288192219550113
5929769480716891198
755240282434935612
7694118761768769374
10189615146141002062
2357081991963017295
8438462313122816391
12918091122985027735
14938748105593315532
12782111407971274001
2786199138849258315
17275370056189556520
6887467227441538385
9830856524580389046
5845968004384409482
6085324774352294245
14965638415315453347
16724957362389795278
7588002504561402861
16598549118451140683
1304045565746447143
1729313755305976980
1099496473397398668
5995405076656232874
2142966313329761649
5176593366545292405
15534827559198002738
16365004017189333860
17175930811431119938
15013874209943373455
1801159460433909150
14264742704217730328
7753999234533660383
14080318970639913209
17584309764505279599
12046242566872886458
10816174385029791581
4795391166277829702
4111792081076072460
1290172078422734581
4887391290816356835
16930382980430948642
12498487530917625361
1684627360525536614
16297840812409717017
15247350545182087321
1914599121192125055
14767841371638916224
11438164406836389148
469568048723526251
7068527076383885671
2565419363613909893
1664324764839715786
10242646436556216334
7743618636000454307
4071836030646819540
16862287563816601378
9005975120541333620
992985146056095358
16818533798995768097
1028689870813569457
8786559155253806920
8080229049909162114
18081400121429920696
8624986918210506503
743271985761492581
9593978580461510151
16869464999882091451
2060884443309461871
5352284360007020277
6424377629148148579
4709008698181652950
4945100874290747328
6505365780593284294
11177514605217251962
6646038842053626818
12442619067061659273
8290950499265355856
6324702480186075844
8712463782327583317
10575709229457912483
233078436508346798
9986658107151672440
4202613097555345279
15700393205701531493
1517291459887904858
7040946315261434735
11907189013180015946
2980682187891773776
16224989919468624492
12108740162522121295
15884061753822341267
3183549886422598409
1876078757970742166
15321134921733597150
17233482896622930651
16812735942556757402
11812460267229133275
8749809010202026802
11059360085529971211
1651774575515508574
9557445016008013249
6450204994699254546
15580560283690424960
3681656254872768568
16186129209363659450
4150261839465480421
2643895309002103121
1320482904327632523
9068377762319815988
12275263158295789168
18386072075868751514
15498656372762106531
5629670148008661337
5983389407396798996
9123727853582440687
11588842792705092693
3774412487161016737
8858501697828937398
4032038155253976278
14543630739788422135
3244226514967662394
6604056754174353199
14888985593447081164
17823854667459462717
4324172950841413337
4504525143670489828
13018918117347950223
11196574481639228576
13324908736320727416
16919722156279042396
11424665299683135181
13936123607432176869
17491625671667655070
7899137457135336006
13366690418504398749
11137703836139538195
13514714034352281787
10800711787831782642
8815058788752046232
6521039627000175037
5802544540557692805
17149993380040246250
3316092437016479313
5141365244174826625
5047347065715189086
16708666388346900568
7454067524096647083
17032445446681738162
12234193376882508213
4569205681148115687
18394956784010285785
7714210357369428226
11029865940178564691
16994173916529397932
12666786256047359923
12108114641748692930
9397505571394551544
143805665679202738
10685168940141536377
14342662639574418136
14794328832896667446
3318620947760329529
18157389777550563742
2993646556015384325
6917332199840217984
10463136496930668956
6255201556019755998
15499316417087583420
10701590112812511704
17146338063427094945
14406764142192015879
10301623148778549275
1954045745482663201
16867782766264349756
7369593155508859476
5108606436650662975
3403663172843347428
7202820943940500141
13771065895300730668
7400957295976475254
440428521789940772
18244738037095531223
851266269252197394
1649494491004346913
9065336868616016384
18127728484137885603
14905433007184723863
6046306041128281635
1260006042825329502
6136075483951897361
4845275056676582966
2787462698231474732
8777473353230940598
10060795030760679104
3692891062518116742
16757226213359133357
10110365600034469851
218850962977810733
15070643543572072124
7950926379301386322
17368105809406184965
5968846988125144541
17026785535546885418
8303661161025552034
17482117859965365486
3722497735840494396
3293417903041420838
8104574823225119956
8802125710759352079
8705658698331543638
11273830090915149114
4279552042771720455
8947185480862490559
10391790874654546493
3060223848321776590
11471935980938408373
3327951495314425415
10282551999567196243
17110301433960623042
11218499898526077329
2055568525940312952
4684525938828829924
18016216736995505146
15467721985080403897
5213464110014277518
16921200154546865953
12880443145480368831
5396719252235051482
11117557767523109139
5745129553015312104
11174149495931667663
6090739841496855597
13532437319132349570
6980527097275419528
9535021680318317483
7639160036357733523
11485828064771152597
12310257172164331026
8019932013815512274
9317851689464185949
10648961764697600652
1657294059935554649
2204654383702665610
6055009608815376567
3705122326269921227
12516613898344307176
14414461841627274642
13773674009954236333
6784994169655903956
13166876337920097698
16980168434936410401
4827244105219302286
9060627034653941508
11415340851948334684
4839229034522385521
1236592994736994059
7087389613169864808
11152451949107533993
7011436265342456540
18393181026566117404
5971765001374402826
8965272827573046206
17393712323052938869
6382105097986178932
7654278640865090071
14857198989786123294
2133937666023541014
7195262145949807109
6959377544440096893
17953197144696923644
11525916196422391306
7597950592220076244
3942756030173659928
15717311443427161711
4449491961641677895
18376267707516577340
13475829523936935933
17723414459326929363
5116269594984730355
4884243307403809085
7756369285497873698
2825203075280215023
10749818252643759564
16630251801833955691
8819514170820492360
5885087215319473034
5024833729465002049
9729235227491988039
5856179815557885335
6687397790089122796
10888921553773003503
5324675172004059826
11376980390135051458
13845339151829380916
11168644811073104686
3040090468580439084
1165984467287626605
9964643556797642471
4921510630544283453
6837250382999549709
189372676006300666
2075618556141060770
8040944152950218448
13476506400098240398
4959181574016202380
16076435279705359098
14208310939854896174
17987203189956728070
12948353830549571421
17774038143109185490
15827638201295126950
13551007203705785282
12282701622993938988
2328651364711703671
10930477480769179255
5403816598616192428
14380440959818096929
9224864623024467654
5980904727542081734
2517389014042947819
9819179782389803497
15623434015562776014
7490462606036423932
2834476523764480066
334205219021784294
10336137878209981357
6894895945445145415
12026847200020783473
16419384452682359425
2195498746919152716
17308249935942122216
16728047655949133597
2750315038012726912
14459167355187903528
14144293859224031942
5039218013098765667
1403923538616627757
10670401406750737150
8229546523778907226
5815670529632284639
5256907375973354526
11965769224155712835
14924057702203344910
5295097686177659218
5548371331445766729
16555460409682481488
15129783665620559896
17108486860360617182
16904649124889874192
4503651381657368180
17589755200512041942
16200413632953699361
12296695506270806088
370881499881225428
6939625919433554521
14226799957050793388
8189164646475760798
7299438516656017713
5073542492743713433
14742114159531151913
11681230797825367810
7553472996228824588
6841935488603102365
4167336407419546170
7379159613508109279
6533412922469711254
3104849037912428105
8664928595896049817
17843153898667107866
9911510248128752856
10608065531555015519
8059052351381659464
667629751983728494
14810779206492172038
12678883156603595794
16226929629455719090
1333206568589405548
3947009576675625233
13046563961801475244
18359385338739110705
11496187148832857076
5719401217563149519
3397360839466220450
10530246063284245758
9754874484072167196
1509157256951236382
282041979060640951
16056932847786963607
12796415013332960707
12047680995803024956
1337421676636164053
12581363652839441482
15521149076023895752
17340250254854485143
5180522170171546453
16408312723812296350
141398619419546193
11503431828944865256
12765514099411209770
15098056418973297879
3098004816684799861
11813881124880795328
2767847656522943876
15595138813470444107
14409106420996785569
11326924300274321412
17994406204129645886
16461287443765054719
5689312838294218934
4700751366107889581
8418600066141671593
4325347319514483921
13430818199855768135
9521149805999657401
18292253124968084441
10199190270953494990
8195582117541601333
16190230929004791779
6604407477447426083
10927861562529559037
17991023581627738661
4233937496917085189
9326789359401956667
10367891578892343319
6261049720308292084
7109909689250248156
8208571530157315233
3128113866510068116
11273081024317505150
4957166074485742240
13062794386943062041
7315492131622376101
2859856541646028063
6871673233298597945
6204200657692227635
11516921130581129867
1031733064081305144
16407315415432929036
1275813652435273049
1711508347870014286
4723979835631036037
12779210013242448987
1971597822648460654
15236805464555690569
3589768527288114534
2888352466223499649
6317224474499895619
18304880017946258986
11130611099620252425
2681359863467467801
17035206352705977232
11793002850566200216
17419987488203881008
17216574936252095088
4781394475973230408
6584281019619381397
14905332188220870756
8242245702733469743
13470842991174582308
17884882337142951235
3721677036434903180
7166301455914477326
1058443069242033984
14046166552868608851
7798912310599534657
13915023376345542876
8309579803502395691
17489465739186568416
17691387123743689252
7370076979686089878
17025443789596214904
6688913659369391373
9311766709871215391
14778480077195349406
8702337210939337563
9413603877056198883
11988858139591784421
1807067481085428835
13972597501312313842
9143768600959694099
12654650622687834784
855042750384164668
7744612924842995801
10853778798363652538
16241005812428730129
13005217458194956495
7173112365129895767
9201271453299690075
16445478747144768463
16111978299072887333
6109067650810737022
12083797222263021272
1466218391922666629
6199841587769737477
13900234201931967269
2799047177385093404
17389819055948792546
17526848534906706713
7528905155161871080
4977204263859830808
11345284472091137304
17453798443263544722
3687135479488455577
14660716305380058933
14201118858005067574
10725687488826502461
14093722256403988157
763475691609175112
17113536741096813376
17201007542980421583
1887867140601310145
13932116899881240072
6419806103349412400
5592521861259579479
16044394811451421685
14367094196529200552
4350590797670664571
18003693607827943328
11490816196028522521
505451025464023626
15909556250171936727
18252189600478478775
16992342778730600399
9672364137847217650
1775519886837546297
17978381401878278144
9153815145544627324
7022940804768263457
8116279360099375049
2312253178490951804
5112176269199530129
1515954447145109695
16964982643892298732
12228990642838948842
6270006640257154155
6297603381695575522
11902259857859968532
592611794392571039
2452284214444829210
18227046555762388416
9041590071078039224
3153426456988567048
14772242567161760579
8483124406314601647
10504899121431808172
5845419876193650658
5502869916007599031
9585837826331274688
7842354866013687035
4558360841545231921
2330594670382917490
13774630443272451425
11246846181799959100
15187732287137320734
1229291841594331423
15462002842728659433
1303476255918442243
3123993011470596940
13309595166979716528
10095065924937375091
7128115453168745930
2725693256661961254
7696488426199063767
8305362243532093136
16475030217870177228
13169826626972244573
15567029479391317312
15683952436282824527
7084760360540148154
4128565905484794241
9164630712636299247
2823272235100945302
7870306363211724778
14815936647629449839
17476611774346628554
4841514138165184074
119513419683673053
602347721261201873
5093672105526449840
8309284474277936130
65078344399845189
3913053473658322402
4927612575077781622
10751609423277409199
10858519677351805695
11576897081859713442
8107924672780253799
17355447100583439909
6724291129554947332
16984048875808885416
9757375001082513869
16762795726337721665
13976617951018964280
6917609043105950801
3312682903165293156
12875774850951477807
18366986898585594360
4352535979295252318
11927497650722913723
17601719418638440338
11976691108123291586
14062342233199144153
17094668775194429380
15865156897723921451
16744894345424298680
1338808158756540301
14670066029040734573
7527535547692248991
434726530479457705
15619537110062378797
15221509465143605188
9484978747130712226
2922261323115769199
12625226732244324784
9038612572300981920
6707218932995881772
16623042203658435568
4773408663263202697
17728538440791754870
11380464527765569814
2454510840071524957
15696769700584080560
13917004117723053645
3795840726385927356
6954129466167359612
11129899222162558893
739552988220189972
5292642784517372369
16151008515437609239
13013133991342886879
13199530267293122651
14212995567744351888
6278497493873644922
2651249327676063369
12089054235866735952
3087559591220014500
17866346945754625697
16375082268351744128
2619521048766764343
12948752261143492563
16926459000783100701
15328251820983961707
10427762177004414426
2752349403850161347
14601056006077421567
13142674893052018598
13722593684471962573
15565863143422620276
5871197926712478929
17775545771403546645
11743148728654440396
10896357530094567029
13267443194257140648
13434538314134409548
17410082034936983756
3317592585230581937
11073591500803197897
7699655435779592757
17242540257743764670
12556016549882994123
6451410762761259225
8432076543994056956
5700796144468248065
10051990933519155742
509309337690280605
8160934221331913706
6188458765339386935
17335973723136045595
3949330575929153364
6916366759000678409
10451221855851406700
4250770462311716468
12116963156199523331
5961537328538620758
3697570207336415455
14238256275250510279
8492641107122760976
2792529512651097147
16423408364588467504
12865411832137766901
16736125229695876482
10336211342771641250
17623225488012915581
5520275388034856114
13099916866306466688
4507125931233151499
9477473254601942857
2498470473267324521
13493027623591629670
9509748267553039972
13414279665309277353
12345673040874251733
2741540918328977952
4029524509185632805
6300915648399759277
7118528237038425681
3989766801014769835
9932179695416732963
7681103487467234772
8935216418893608636
9991543696220151109
750455852747783536
7152077347623556470
16641144020667700442
17035463926257943429
8654578603176050421
16977941433352285254
7461228425533296619
3004335601414621839
8963811182594345058
12038498450811400297
9617836149684691286
8852360316713789923
6930569850916064601
11410817766430417497
8584567789502981762
7882527888856013523
16396684679968709580
3812034297014287450
14149228038100052700
2292506429516893524
14836518586668520780
13330508336945546053
4835145494804037428
13555908479372192467
12935821712570840444
4358713499366918996
1636463030648963832
3983159160330308376
10399707500062170502
16703635855612878604
3066724414011636543
10794938863693855226
7931960884476783901
5498168532199037131
10414832911214686369
17373694244543164821
9284723967894636505
7189658880938010824
18266947224440635168
2420469018626878970
8316584479950085245
12253108332762994403
1605131416520909493
9530583018426679647
3097765567273685773
6333402058924655728
10543555057322447229
17361957376151309223
1165608030841583334
1029303147655924048
3291240748898849909
6288981831131850052
2246819055516817707
6089770571023433194
7145638777801867697
9834152984408425941
2056539932144865004
12585587717912215814
4808724834963185748
12361869541218343043
7386936414660884344
10680558840463170080
11910265865249128753
7954348751808169776
6360497116269160439
8748954202524064234
18082699623687626484
448920370433963400
8676834177737408267
3434436927361464684
1135708215248050196
4066588722478844188
14219920157253745256
13044685025472194780
17815877436373559451
624589709488827331
6421190184434054966
5019570168338364899
10752073029506790910
11571025849083470046
15916903365363078378
9182194428474387960
12363314968004559403
13045814370742226564
13804902037466111698
4168859234758687272
11635127903352186381
18241842718139137101
11081908322697961722
3985708116393687682
15836400051006278540
5507947388011886209
1920970198774881684
2527044344841504130
10310917179768153643
8778559758790880907
13608840237274767006
4509014719907044386
2636792098548582430
9996419924669770645
6556939626901707223
17491875687605866443
11937183589473234760
18320533513229773781
2414659197036496187
10653754407603636709
15336153818213079603
6467041784937131878
10000351483635981184
11467357866649993982
4293673586576970782
3740465110043524657
7675309252482981206
3582938665954924237
13716858724054929397
11235589065693984934
9852863595025575577
16740412531408164026
2719216112082266466
13322071994783909159
3432081173349891800
2862361333363068973
5080155653783107654
9146641337764012650
12755545563352728290
2941832761766075480
11537032908023774124
3565462922087847220
2321312457832869427
1119119462339091814
1249505568339610652
10753929475942778001
2336178383040988938
5889351003397591371
1811932647050764253
5069912345726698322
4019503531837018135
10493595366067401029
14198979231544683403
7980292972752141336
2681469048992354070
5089597142388722618
4803349002010823870
15196977125611980989
9143331738832080073
1324855812493050196
17553992667821581506
16056774613380606013
10331173284347444336
17925337595986853697
5977217488152739022
2979683755510794905
11663533030030266153
14149504890089024184
5041455353683427057
9033565442791362676
8132189641834549464
7465809137861765236
15517463679601715834
5486543479196481881
3125389474191733293
18132988441774804710
11475005392661980569
5653396517677426945
11280502237559143724
11332460526619134019
10588190813215531055
5676452788774540598
6971396915951620534
3150587921134411402
9779071972287304998
5108614288122905073
1285886149750401519
3257505764128700288
2437262575350542317
13579677505201859722
16486399787048096453
12577683127534201996
12416865476924450295
4524075938350448617
8192198556078167562
3765513770812774691
3127547608149237099
14972426531406603637
11173217139357185229
7053161900751974118
12027423328935770206
29445876476569479
2244350069363982968
9340843933356239674
1999040935582472737
12458814499592986293
18326476374594126794
2999801479832552712
14040934353521151704
15053789753048992984
1472107446507642836
17287657456831270773
10063002459648431251
17936655106386403255
6249109990886858682
1194369293196529990
3519415630288612819
11143172112926947634
18124618246404268283
1339724742140375275
2463458723210797794
13102187807342558704
10570881273414561638
7514121110102895138
5237062563221882480
10508829948822211499
5898325932266726880
14611477472789977703
675646909037616623
1907464921881269103
6030207453007825479
12501576933583198148
11615622724727426480
6760849226395965358
17588740519377235267
15876311570061300812
13815420397991984831
6025228394570841357
10089273025457314666
5998965477527107654
14316116923238077644
6531337081606161660
54218174286978434
15837028510951904353
5733938639626755643
3423835109740947374
5473364583480552451
3235067526940988064
1167337338073268903
9793062281908792497
3843263829955894388
13905285848649779591
1506555638038451522
7175414981322189399
3492644387460398901
3743304922253930013
2245783831530643834
7144346870170407181
18160078651065191474
12965049668393645788
5223808454466558881
11912511502899890029
4899557154630895032
9323967158299838526
11134013156105876975
7705768285972510429
8586499896144719835
12939491323657885148
16397203146118530630
10580672842142417412
3035231775696334088
9561761758880500455
10422330747105880257
5013578970299864838
8471070522906859146
501093978136604054
4926227680272089863
13094920670137621519
6324494699532199574
1072440087508450453
11318148397216196359
17203688625676236212
16471302037889482016
6843075163391201699
12100247729950371616
10638515397018075480
2086166438371148249
2278740525307151058
6102648063364385375
16358521772546410525
2962866341200953063
13086980938857091803
781912164321968495
17864695207840106278
17620550585058804274
13977345472634752035
1097555932723245622
7365291076175537957
2540751217074672028
12552068584028443438
2132403724273476767
11311433226459102395
12323029800733276846
14976572021797561694
12464596404723171026
12884921330753189239
16147942081350518942
160312516739012764
13300010810241450331
10641559937555192817
4795116228859555501
4802172780256109575
3210151611429013041
5592644589027516884
2854526654683994421
16450127866771058467
17464399478513998072
13563938658184407814
8416553235441156842
10938795766069953520
1742653826879335403
11298569554518870240
7225808929017855434
12252696799449023123
9939806898937026522
16627509776179688759
3911706331942440022
457162638838287477
16140038260948851528
10180189662694304990
10968347041253909753
17358203470965593196
17905642666200650246
4726715825995734919
8457035875967810942
927077622732950694
5402557589466559571
7472254198818494264
12478674817419047217
6454115749644375671
12854615646716077963
1018327945767369117
12535697291456201007
15276571616016966105
9744526066508282341
4694987047884322665
6277995032391883046
14689505661984491821
1738909640402755848
8929244404911140667
10910198128113403908
9762711827796660259
14920851035725910791
7928797542473710281
11125673735726183579
13600815474373564898
11636084368942912638
7392547528560016687
7894436344240443899
17114389929821051818
7520260829624469643
16357563558409616624
11231352109576295892
6263203697368317878
2732763548735084768
3191386997049802379
17653101666101680214
16167307938362295203
2382786615732102506
2973386714919209570
16059586183117414912
13609750184128445290
3460177052258514705
16537511156596798197
472707477634258518
13329468185524349364
1181455667866985021
8781876888261021185
10378443027063572692
7928685778725725644
1745056329391671738
11780178925065548617
17838640295920060215
11845613838102143784
6797795254071336110
7884388295745415342
4685471052375971924
13097905143211908739
5766986472521779299
12706241441111445463
17840505911926191709
10235090006366889621
3073461435007496809
10109334683377952421
3882214270039849329
12720674040153828821
15826705244040414864
17469766964027330322
13221730319678876379
16104378497256139832
6022772658798698263
9582887004743788566
12095788224996223220
13325976614562141097
15331489174703639389
14078720844518274984
11081159153226301006
16240335094792118013
5808896370743568450
11108492561942820996
6388445041372756643
3449744191218520391
9976477479970995585
8643321571544708010
16232092507137524585
9997910961191404514
8510411767871766654
5064660776404390723
1602759396355842355
17883107033543093309
11174268100976307632
8036736002072363558
5065861373067882468
7758457796463198035
1588259609567639992
5459072227459966793
270917550687784578
11213965044713518631
13179498064365429932
7298532234928514540
14160971436433045848
15688035671099450944
12131045208726038865
13930693845672184001
14209400576093299017
14407750369176597774
8079416081091357604
16111572506586447156
10440595429217894584
165050845919603184
1684870029825395626
9635108700145311202
7439621222773760951
3976386454284050916
17361048525663314810
1802610079936284306
17501453328021935782
7396209120374750856
13809318694034547007
3058149654865529985
5587232141692752338
17789058621623892239
13185410543173567894
4639050633478990581
4142684454248421585
10128875160973583882
5348547117121860522
16709693378984958208
17996780017967217941
12849539409712928291
10030269424795809094
14268315330003562421
16964807575777355218
13611449512695413423
6641110261787051489
9915705055645413934
5958072615692896941
2742381001580010241
18131646376056322648
9878650672424589495
7438089100197720433
3363942472927762072
1320844115333720823
10215170457877182293
14935692415863549105
861229579293400072
8684487946389010697
7932734660826570736
2475725483283589555
2880568813926046159
9289880285775860729
3641398534907701938
399050048187308843
12664626233909212369
15703971481536605859
5807880269390882222
250161456850799885
17997336640076680755
8647294581580156061
7016770863061245401
9865957837158639910
6044076003401986250
10569661762773794851
11569718737768298973
15799138191365559479
3568283431859383522
3600949737918685029
17951516694274433703
11727925286446975469
8515659091894635780
3760619398412235293
12885007326478503514
646667485035212113
1284059407967621630
10889035418781929523
6821502353065854325
17669882043718475421
12519523221682229882
16661672023969927234
10492227417279764825
784761447855974321
4517671858179444245
17503999823725459728
12218207504077932596
10833287586458935394
13983202585294707880
15266022280670526978
11241239185137020415
6924063218637123744
15200147081389834667
12915805977192419386
14056640000561048999
516148973502087959
678138103285225033
16330802319343843239
1552531582173918732
5188501456062479616
3479844549214047358
15522596972595670923
7053587784249954606
10644603204722958141
9516460747797729286
2195655964724855866
6437195450626368110
7640095384362883202
10689433456246744533
2499727468660491277
8271025944283959729
4982135451075216987
16164602603745899285
13518926983824632347
1098373536217184078
12276179632630664153
10835639164684593599
1572784988947265811
1726439451896699820
10234050815090880500
8621491691477485422
16384594378313898575
9863777880417544779
17533680636106336236
4106753751182965052
4923931356997885536
7812360542331942135
7146793828793061288
4483582511875677686
6612490191631957640
2149448057859283913
13325260827509029634
17152180813269878225
2341619226725592904
228920270337460295
8071361188838645748
4584679054795456430
13324939540337036304
5143562392602840160
2225049290569801414
8044667063384373619
7634936779166218604
1116979696540292745
4172351724727787723
6537601060411640379
6397096036273113831
47570426378728755
12715354110265278805
8642898859635411157
6001868555479239851
5786374414059643463
8798111594244947200
9657317450239419820
10891106161309199056
4218938024697441477
11192495582369525587
6544360553900626860
7381949471095111073
5090980737222598918
8838316509574349803
16280297226355339981
1687984505842882311
9192806827815412338
16400790381650501159
3715046334087075241
2151193443362375025
14135071823246254377
7319519141423398110
10688258585250325882
17343116606543362243
1127840232930026496
18182257234651046838
4325893135057269587
2164475639359274268
14728559327049495015
7177440587069411037
12430974951581855136
3252591731777960485
13770162815871300288
15767148344044076724
2553607858489408392
1569610105169438271
3425815346453651825
16551575328854729454
14076947156617711465
9765465234159077400
15924237928379716442
14760708415523990457
11754657829532138043
13630864193301112795
6836509677808544219
10102574530039184665
11132063835731916420
637987121588266866
9933248364425581297
13171208089415333908
12295758863867781272
9881490315637044464
17418218490894141754
2204559057982395077
9590367744336139245
12239175179009747986
16970997011576201434
10609361769477613988
10783522318166626685
15010469479099992582
6506129629110488914
15402638885934156159
12549417329207351061
12217014802665331249
6433972785867538053
17394841866481616004
10686814165295262686
8479199890695358962
9571041169460368164
15293544594376574079
4117532960019646252
4715894700071059150
8769169158966693161
2048242048576781881
12436233642443140600
5357212602577714356
15177702416162850971
14503559015034697186
6673073222263625992
4632614851719509830
15766570009348321127
5027590626050820993
15809614640661354200
2846071673660833803
6404928951124981443
11518548947881699507
10926452205845894705
6510277754647032769
8685005888811098236
2980886862190202071
15965310171172810042
4756570639266240061
955024987292118381
12255244102459206851
7069646766978141761
10365204289172881360
5545608298846388384
8932948940817864904
3150884457545943564
8252165847224375889
11681300754376708677
7120913868208590125
3059318355911511788
14833779066214329454
16048248660544706112
12701255580442479553
2524322982776776017
12648997531343132892
16562698007147448201
6697091213006265717
9652448456064476287
1201071848380568792
16436033458109198487
5877331030622116717
4934852959810141199
1827035043851133678
1238871098294766272
12871679457162276423
11913507004874961404
319782179644759269
10900497284191097065
10124755914734031740
3438664618184061793
529552391231721339
16157577551664225124
2819441002312491156
16620666118384589765
17120681420994176180
8075927920486318539
1095541594788396757
2616433914101923117
9042431214974701189
7321120390089869312
2369791238929489193
9901234207769680051
16648584860776239324
394669491769685617
5183537896819843818
1410850791483177234
17659539119890073228
10963116061220069721
4713969928189664189
9966020413104745413
15854074397342684306
6695486673738041699
1305768549647921623
10435426795485601129
5694078366121924523
10528537609198390337
3525624535481412151
12327378395246671577
3791159752754452828
17380441814118525215
15337117846544689465
2639863049524614370
12405487600806068608
16018204685783205658
14206728153055832226
6333283514708902248
16454885448303803913
16471702047283889331
13479388600682422212
17562252433449906865
4451006101258455776
10421504610366576264
7440068821593357391
8423237306564019845
10033076774007577442
18351349330601704463
4921758165350085612
2107831375318018078
14136832564121365875
11762519102602810782
10887776491286634840
15192188682518992817
5606411078356580045
3535994026037150783
16992961390462974445
10945966734720700763
16935659554214521565
8087558890440043351
9894948913319171016
13423978711272084817
16769646809987956533
7337185903382424609
8007740668553601217
6218213562023429539
8147899912429302114
10017686195456081952
14754798680422182133
6308545993921853964
3714676070527602768
13328542380663746934
14117327543806979304
12078955967429028918
3563043329174420565
4635771836659468653
17821220293787171869
12963108010627120770
8979063984491565170
7068031373390019764
11483734532277223642
13368176821713515478
14216184830359819280
12124621612066658023
14105874013513521681
12410360263898470681
17152501161601681404
12163972732459761426
16937831938213496104
2251817334770594010
7223253640658701714
10838297566594487795
14233216051052274606
17727907597539985560
10772180462461942628
17537466796832820358
2354298381451283076
11300229656120296547
1568387602608814839
16544436141437451803
18195108673376937714
3547962977077129165
15362697152651844904
14430384276805901543
2092125917621793974
7142997959761211025
12236695102160123491
9883092181120606628
17417496221515303250
1760842301871889554
3457474934040373542
9191675341225556726
2432565831989927514
11969246150199653742
12523920530176275245
16523179938161861005
11920748883847386016
10770420815831486765
128275295070891702
1286680396691581098
15968527570113953627
13705013785195228249
358313864965191821
728660689210954150
9135263378961769746
14537467669149777783
4142091203678808726
13346619697735426572
13050194468614014604
531175541629031354
10539472927263604816
2253575497185647233
14434978098343635880
4983011394672786507
2533378064742448803
8100672656602277475
11705257030375616377
3182695371859369073
2449877097777288033
5339263777479621510
2164909536560850151
15737497366831513362
17570670087380241785
5716348497048196028
1252821528711679722
11862488420260115036
5831786413828533845
7927725541682606151
7576188390707304864
2380050660515190893
452095636843837052
16205358990659894630
7637662725905229289
11690924755543172594
15438957020084625078
6566017576083353569
3126177645233230921
15893894299569039463
9266377056264564248
1953068219433474645
8277143426242780341
4945161046163939182
16942828672015332073
3124952982442144447
9977107226443598557
9689024882534281004
16404207908830195595
13827587348164445770
1465062155054416227
5517638295545943838
12187209542167523375
17386279386545571566
16042774062584529631
1864505033887250523
3119329762210804856
8876865746910642328
7035250983925701156
15263074436821727123
14161849555513669521
17353243276582801287
8346714922768581461
18373825678050619685
5940433707723179000
3318523262566943341
17346759931086364320
3760934030850953138
10194535389182552645
16119530470897449857
9438953992511352388
1912727178083218551
4548674766278827039
16001128347410330449
10984469687502965141
15892179976513618836
12045933518223659422
5591266057893987373
17735205353054153373
14745074541249205954
5237464558608994872
11464253468675555336
5986841242682558778
1916613292774941452
13539465364927548607
15875610902764826143
16386810654977581078
11900531937640925174
15533343274177648095
8808787365159830821
2482240551046425076
11055723428323463176
7518456375581089444
16624950805814097758
6304215415132731153
12265866338236823471
13367306888133146775
512894152345136528
6160435850588389544
11218003581167595640
14263085750709084622
9125056660290447085
8390974832148959038
14676500190617269500
8362644625630176081
8422308071220143869
11574120668225226783
16940137024818224914
307774835641838564
15857035167618947158
11181263008756394543
16954377136050018071
12721408736823327292
15159602598280527986
7491246761267224973
1380321393899911918
12765985615085675711
3659077840428212096
16611135717234385923
2927422500758616230
6725134082481130559
1720208855854118904
1855462174485675081
16815047366265780587
10352020927949555275
15064334183716367696
8622216433203350037
8063133996428612643
4969664746815173245
5225177057813206481
10487893066247279243
3261267976065129897
2759231624002622373
12428806168733018741
15705902186664072488
16515522381597580111
13290707474624298998
12956109339009853522
2704311021531429599
933008831334139310
4526473369584690706
12006923410386814398
2210715937190483106
11992085018254978299
1263150695653912820
18382547445568245728
6341050950550703115
8060867548616808172
18086678693861155368
6531273866272062164
16418270269239458654
13883001127662981965
747599185332294898
2303238929268438399
1995826017863633939
10554476422534802138
14401164441476724011
4859727830066402922
4025849361513559768
16874741932035599760
4304263934447298462
11549944955082699512
5138884420723479020
1955519654984534239
16962968457331276562
1478073423969468357
14383056958920859570
7514891046611284578
12372226492937673586
5673267276741983956
10847221236054964901
11352805748639145714
2531724413268743273
15060743825892121504
2201800761837236535
7807801664119263378
8401415412829442636
14461535876444114384
15188699854293085782
3739050673429329158
9884111149781616373
13163618112166545250
816983326938755307
7017487132777061428
2679183906295232117
6918862395442375402
7716854381323604700
4268477180684627335
2550192969488200581
16659770340757966842
1618283570897280573
16072595822230333239
5189087877674051930
9597361534365281042
11163060481669253548
15536837052699336378
10836784865951738624
13061246563229938192
14334286158367002001
12133695624530130202
10343658073732034396
18102229875105383194
1065429086337593735
7297900821373167933
8803845475387808831
1850837445463126104
11153497549183620011
4828851653567843141
3837005861822892282
11795143047108103093
3306751126589651981
8441487127002881156
18211939454132455653
16682744453613688032
16871640547856543889
13590422653806206188
4669965713077873128
8997220342924992947
11904189438099079638
8823625181532992711
13312289524232936207
10408602366793727917
14743273960543126772
8255223690533510857
332865596560769548
10795923819931986826
14007848093023379389
14742448247598603323
12924461877893738878
13774378573840577503
16766751624649170067
11921478027720445163
11624255977718632037
443220042696381232
18385502500354595165
15955074384889273849
13943246726267993616
11968792548046558991
17866461894064860088
12782811667038416321
7414222364659619956
5814594605652792411
14795288279680600320
7916129512124750885
13955141577658083728
1869590208789261902
13506045344488295374
228013862591714732
1195764362099706803
1195309752322279585
6864568025735202625
4294324703405435915
17393480977256291815
10189192497809277579
3212981541312017806
17525287951118717177
13040471442308772207
1986128932158055094
4385413544159347542
11343437243661181217
4133168733379211737
209765349828934295
6393765101370660340
15068944498283895160
5652787034970432475
9873189826558735825
13187512395955731962
16981556202366523133
6412250883756258804
2397092858668377451
11849403913525625169
11341426432931849171
12223926206249021672
10604900741009915903
2301065097431137522
11245928624285173525
8563176606583573774
16525471215939746068
11329637667895357080
18055825785383972600
15194245252994173335
6753148804760854258
6478345086363979066
124778452841184670
2019638435461318354
3162860040914967898
5333632485742295457
8060789696654383242
486391216160038251
4202875855019354157
7107901401240039220
13932175539696029618
7865778738160678141
4311058836203103464
1847333620734394250
8008982896674322616
17389727270974467564
13459003645209002401
11958033039665568197
1795608933623082656
9538619863173364286
11571905952892451617
16690571381759561851
18150072924382293149
12907890408356333843
8122502030125737524
1484761153065925273
10086101100699743710
445116036604426858
3420847337706966162
150410257217231276
12445095905966123072
17675423155129611061
15189648466101620985
13784886756864773626
8464302270526627472
15382795360080579857
6134863619627039445
4898242922278320149
10029468361250168109
10580829704081196080
1321278500475067292
16494114044158053506
4199794962240674238
5393692883528867911
94776799139586789
13759423876992128477
9250491198493388294
6073122710248405990
6579947836550891252
4903000637243045999
14240191319203509049
10204583826990466435
13072748828914211275
8194102893592393936
1760164965717704571
2061203472233668543
14350482124138379374
15141310657442105886
13263861752237510439
78958077777363754
16583870847647734457
17173264735913935060
4668092540563346793
8938107252012227927
11029968252726419332
15259006430109172510
5260497291091203032
6358511906326560152
9193802044567663399
10995202345175778490
12883616598381802528
14275151645856674820
9265015192487249876
2338616680855544775
499495251841909634
11600839529331203547
3392190530248128754
16387078250494245990
6836166058594642748
4754298153418524448
2391697727604071172
8109819150992781379
16476501421259159834
11401775521218355759
13579115764212553037
2787982420646491347
12927015435217928103
5949884333633149191
5170871713518273099
4149651284798158524
2380075781929936571
9433835734320521911
10524214410905907674
4638077247980279225
11986146879237829712
2573135974166512198
12751933987834943939
3216741939161133639
2746296917326628417
7432836922140208910
5486282535958604630
17363481972041050013
17196340069418152936
17027259154904532004
4752278595253525216
12213521933275342507
7021274633124436204
13569650953496943893
15643076920324709204
10572983720435575846
11413602432665415843
569060033405794044
14418823738263598738
6790575688875026045
7692046877019140653
9680778529535173353
10259113460775751968
12081242549857203470
175562857184911236
16119145122951410996
210555333278735226
5923634223534172858
13456818321258898862
9020793739271880210
14065597356113244778
14204532778782893233
13117469482393839274
2693026888527434647
13823924928455167674
5566862829459727406
9626222390276852487
12771105691888832583
14376773126884446594
12551654390081779822
8002746985627579110
4586000372299456044
17138750295828967136
6837197941419931799
4392293246028958172
1632951117018387131
11617882012875573908
17680639860638495196
16217928179736693701
9066367097664261211
14297220887994283998
14079741466297652781
3199045888357818236
18364409510355558627
7035708528672633873
11743905585564462466
5040054220485114598
17822036457080948739
6215178559440742620
7544292382081432641
17526522486315440094
10096445253756247181
7357576148255889445
11706670002120752258
2814775853572051814
9658470085705661243
765376944147697268
1132696415976092923
6958756472036117044
2606274068640751698
13057235177729052826
15695298228073802902
1405496505074404570
15109845112018561629
12838381411535099558
9491371531531098669
11977426473294180767
4662966829301039942
9065601397766565205
8931101277165371504
184915161366755428
11510535963658572452
247583394219865388
7720506665349145723
15653866047499144448
13685584137032321731
14488835398135026194
2061937563044885648
4703346548920268198
11604419118627989168
5782438440912250290
18000924204615933303
14491576813728499914
14462682002538728340
6649742794127782265
12785665044532404610
6522783478398879352
8753528501838783119
6653025866621830517
15341760935224295475
9879590510830748335
15912601297522708506
1501657350880041783
9473152089056669883
7278264845348258099
5222630506162255769
154661188599136908
8373888685549897095
13036833585655820785
4208727876790119842
7856627101237848957
1169125920733647986
8475233452046769242
5088837565914833719
102466813717061513
12141142277564455005
1078962439376650616
10068584170564634536
4158460389144916168
3477944451262818370
8095826636772152125
15821364073188638961
16897236249372944239
8141848874360864425
3093237379154053077
5280522926486084266
18244453507302826565
15959032629851251145
16374342614917681119
14327026183995711737
2815877335269666450
14427593876267358554
10347368856049835662
11895908327409623521
16081825916459691649
16855309667613334692
16010004042676488415
6431786605995149745
3739897472903648233
10181871448879805754
6507594667565250308
14681144155113444502
10515745590155828119
11384558816065405334
17186343154491045520
1821227447711403146
11889317863454124718
12404388335382335304
17183360736828670690
3035835048754334994
1858572934129894143
7560939217536642311
8412024722259143625
6788171017574572351
1887568996038165238
9134756639609966960
8109095963221318602
14902565917035304903
3422501687745517806
13617868421263211504
790298410384163763
4761823267666126430
4614199466959077749
11673588752110908488
6579280224713453051
2778788713819758380
9289819125479829492
6860660581892864928
14990273171478638995
16125362517181313276
11544136502667607451
10916992866160419889
1598669674660486169
15355828677610573747
3118850947964815571
11685009353825786926
9504975693516778182
1774019519209267864
16510476724605573952
17612549121656326422
14758428755229485427
2628637378079399196
13795248093864063013
5851306195055681823
17923692362181134753
15129902587980036168
6736085478560457016
14494580242613233412
16376001585667894848
5865550924448349599
12777102243323636200
13528970971632434954
14349813123090427879
2465973172114597591
12537769756257640378
7128350477778453974
11406773403435500658
17650381910379109920
14599872450384025376
5706835701728451392
8366282011938524977
14744560268273159113
8530036391243548558
11825271136428513964
15897049075608932934
15920353646728379726
2243637913380698102
1728440085408580099
15808373553457658374
1359762501013896869
9881283267424887882
6504261568552221279
9279862214405765913
6647848214678348050
1295450322785262919
16929306397907469714
10087196057075278262
14462304661930534058
987831216342151299
17612694354744302228
4761789196682362784
14062629349971965772
12535367907453402124
4267453750986192380
9548732433391192802
8486287495292755370
5140692576702410007
10627493561550189747
10226742572059207868
13262153763314100041
17293496626451649357
97480644549409105
8714538174022443552
1505728147329083929
4529689184233022011
1746743299266654598
13767458866752540619
12863085853907369077
17464388802800305651
5231435679784720824
8028090550332432527
514998932744280688
5146179700877021608
3257295647166759546
1051863785197139128
1377327512274689684
12423054505849681106
7743116959586172608
2344713528402755814
11785304485072036602
15911966477853176983
6904548124944461182
4166428001530627777
11884981361672827119
16582532232365756184
9217412182166970228
15048692283445430810
17812074215687656812
751455270629331523
18179854281387413988
18181841982048199976
9515828836988497052
9316994463577839225
8177556713575955336
15665442664280656825
2201109082612124681
14236759287530185536
970769834681013918
10091819004293262727
2354876776827322419
6071771004139350467
3955096325251305710
12252305655226026236
10755110271371022134
3738402496176665051
17859071658891376145
8548263397245042577
12824669778194449591
6696357820197948080
14619208419641565549
5806999861877102392
3143211000917945247
17881358221396206761
14778618342366064215
6759740710971153399
3545380775022239827
6357925372124491444
9473430057970387325
13026898851905159710
5194424688306734064
7345588343449861831
5437569628196246124
14890709808944305051
1177036244454935001
4314654132534227717
16491315969314470309
13581701627098144628
3867793419214068516
16003578706972393178
12804272885229477803
16398822311459174365
2731013455570499206
15641703559802111537
8798202044993121195
3247031099325006087
4736675692165480993
13649993082112101183
4920441483675323355
14148093505384029254
7270552502862745412
4740700733220758699
16391825850913138925
10825852671273492652
11539940711043417374
10999174976919095634
16515533089562745515
3871372195910563393
13846715278875188882
1849511532187010366
526990946549928359
10537494222108839883
2507559639599083578
14489608052167256554
7929828657818798216
8177647310938554076
8626075141584545552
9278866077444525299
4813192708654442036
4638713605285395593
10685166128146757064
14590989371548583963
9855706948368681587
14672198393358120169
10130059273862070515
3582399230505917858
13507514344510389797
1841822097142223645
3305628913299216199
581307532518502380
5643827625767894650
2421946546546551293
2251520038503688060
781780310675118351
2226986994190643283
9025752219894176557
559312740087656492
13589651095095073964
2389877639980251842
12452370149643997616
13949725492155249828
11824770054270229381
123889098213268177
8207725548282354349
18060066917042199911
10790806933449775777
15695836346704376671
12954967789100899938
13103137814654094853
5117590216442426021
2375816641523492864
6854500591887249001
8701193290245248053
13981625651669789537
4886801473252993257
8421219511541720896
10244007289206761876
12492949308869181049
16116145226749974963
15310336574637648845
13646007536612586427
12300210255363577532
15576080799818947768
10609283266083141108
631303040090047675
6577683649291326117
6590150046017011326
2202356593894833699
870796597400843421
12061583168054117262
13751963975671628051
5126107042663278678
4660940953094668786
284185301824822590
7199896357528767660
18093653944824726026
17627329577555951526
5794149789284519384
14998737188714557627
11217864779081431075
738964234645925399
12054539833599911864
17238070873252424076
13741284702225495386
2361794840612055679
17876293797489278094
13285379626243450741
14868829675486513171
13088827437700724874
14763468085510208215
847543479770252902
17331731064279450531
4412836299265293621
15432261226617787366
14248267209664748327
6849707268841237508
17900299737247191937
14461491531900042452
5109806802820293655
15771515346973967272
3509705009990028191
14052137831553183265
1193458620648027898
3207594115197814009
9951982208438757502
6886749890234687658
10623535673165802933
15633799955427500371
544582165167134263
5936531669087452681
1783749871316081084
12778812655719714715
13624224649877445044
1212439384324545549
14292933746084667288
15286058012351506709
12872856395699497419
10540085660267596682
12315038331679700003
10212140842084607314
10962134389170235274
4439083715409864450
8004397031036586490
6150101939890469272
2736072222996364455
12177085331921854394
13709960893284214311
11618180799823637500
6354659923928739388
18281275929582043968
16270694327106528865
12235151267021336592
15295222714265570915
13156671256699709934
9382448590019246282
6253448231566743636
12532813350900117478
10588202547000612572
1676196205975159618
1706174414124341386
5335776666659240758
18291460208433472862
18297005273246196520
9294953794500671018
13467163360803175216
3375311854262816803
4970289087243395310
4003278526116448320
3741948630837060419
14480105214373658815
8854174245385855112
17303051221525879610
11346543740400845814
9987754355478197779
14772192000654010967
9651321592079003495
10394553889593972486
2562546386151446694
1206362151968843997
13562788859053587611
14977810567242948852
18214619992096412536
12135250013684502639
267125040633950652
16707428521474840942
1669035989767043627
9289475650368165166
1231155517346932927
1030326645201738948
4160189315227336364
14714379805468572121
11324634911882449683
7023634693725934496
3236443508323387820
154353723296127160
3033066534563939533
10045305044058106864
8756334933637345089
1815196559013396164
11436418664070324990
12496834364523667620
11973181459913502762
8532625725029707875
4625089984838756504
11595565366281037459
12133956090350482885
1549119181875577954
12643098531718812954
5727886703621522409
9471445831088593417
6929187101012700101
6329634270836220017
13624169452525634359
679750498325732282
17982393093251385265
14662806510087023937
15133385805985858421
15459274192404912244
1631152879335897785
2075157288053966355
17515852788994771278
202585071617734094
11054465290396358750
11640392409260190239
13442512345701483237
15819073411951650688
560759698880214217
13721100270610396226
13848372864960272523
7727128373235543623
5623137247512493770
7139434236170869360
11892524688486562559
255613713711619320
7412968334783068634
2063750248883895902
5070073224473199441
2671724955187806462
4906112297440653222
6851435361686548753
5976444026706024118
17780385220993433389
1240548542186197656
10231313563422525442
15768086655799919022
2399527321204237418
5582567543607241831
3638590665636823913
5375366355209657773
1760446918642962045
11114870540554220776
1511356407087087271
2012513321047894559
18049441090438847753
2175592009778191419
13734581770745051035
5450730304715021356
11198067315515970434
13586724326735280104
5080497408466962842
6691947479759912167
13705460156381510966
6486199071725192374
8276845560340660462
6949983046200820540
12550114335291799133
6371184173552343406
16101307653538016687
2290211554291153999
1332475816669390499
5043916472936335156
10885024991924373637
3093567789283289484
17903642289297440622
15261977662507091916
12272831464067893886
276965922061511550
1479754035503172075
16101105946780988199
8258298928391301870
15735444228579637542
16437194366933105191
15934361058581903185
6066784729005810894
16310080455802146491
2642488418240536533
2807039936679482173
6669998785878170356
4712999281802178670
17412817812920774118
12773706319605124670
3354500681329135825
11953714324508692208
13730319670167370610
15242226327205421655
12582997914019671161
10388030775920576808
2543651177335553434
8029681744942738100
8371470239498874739
11799628222247225526
5993446006920315208
8476174985676657221
8381549255156111390
6898569612438869215
13264885120101131473
2577162348705017882
15923423495891924606
14134423667045280365
3129234821653548685
2693527789144160276
12023247411461470170
12098043896530100863
15629342789145110761
9365823934806974673
2148768492990438821
18321547689007051516
12827255829962061956
1374300214002618081
14237201228792779951
8478484834750160550
6982992551130946724
15912603139834708730
4698674223425403201
5405183579162698895
6478190164825072410
16725099261547195777
8638710128135168463
10397120712398565231
6898077731183497417
2377478253056964800
7860118202149457749
14100906360598409457
2840483713975006840
10871347368796752055
1661639275829907934
536737010038877744
11954677266752150613
8291498716230143586
8187532053442985248
16608270460176475623
14038102595923224508
10794989480695437447
15934216371787123978
14395325864471424464
18238771464696018980
10848932969399459530
15305804375043908229
16948538893060047271
791590050914061127
11856061474772694782
8268896358275725272
11618885992809154578
1498007404799336291
6576389480415547739
2420798229104011312
2210246596673425523
8837668642037204363
15795505796495784712
3536513869148953370
10376441921594854255
16635739991366117988
4412707053333294979
12179168437209252891
4456935334064794792
7489168016550854036
18397125075908836775
3606554328064200347
8872619834692084298
17500275170792791002
7718574371061525017
7709594747874660551
1899630041123425491
6411681030037084124
10462870595005426007
17933017767121566611
16146261466407716212
7940331101862967586
7127027464586979184
658611830838489950
8195907273130302041
3885997017796641216
2999307995311693915
9332379123252997690
1331350670911596351
4509194413786734384
15132644501924499565
4565739922285832434
10906986713097635404
478261527885840968
2530054912743808399
13568394209825573901
15929248037438029669
16389941104658275348
702632180553568706
7495895348773880760
814573165291300452
11880177133408043657
1330863033260894704
4974561028181810445
12302461265122524397
2467029878600636413
13077764844387541711
5925146168273977555
17171115343732485231
10463366397162636158
2608279396813442468
8537078988462243148
8668206492294005112
12724001682988565056
8687021280588556273
5766949786331905786
7930473816949053354
3560529434807247864
5661761929850846502
6438829671920624025
7186467011688527520
17183202346688145072
11997479760391485169
7007273660281398958
3555811234731821748
15316712945669830743
14925648428786555331
16965229355532467725
118035704584043142
10940503084174461869
16406708090115837972
13374651088496090921
12628684180558330810
15778486040717972735
7995378863873745474
16252105188079644931
8616021925407933230
6004641606629091492
2210825213572701946
6133332691679669992
2812775079407254015
1234478473798820520
9425713183487565648
2385868713821235287
13785294882117687052
17222278909183986811
1184567402074819008
2524647312791458405
16089105643441842639
7869026217671979238
13435670785628967510
14717726118987496547
8383188641852199543
12683062486377168843
3388243585844183137
2822294085854325189
6629077473248403630
2038185694189597127
8642807101718321772
14828707501208161167
15949018543013677366
4921744939901789637
9541309789331285558
3037024583464485919
15997738120179329503
3862666924682049005
1424467214412173952
5230295355364982912
14379469807889341881
17324991050806069731
4299699930381940167
17046797982469197608
1468766879242052274
7415118940931325216
6431117049144251092
5637610560796792129
17475282014969817106
3324499824664913758
933739500335761308
6801207697238564358
12397279322583338516
4370186014199407024
17073471867460778481
9249686353212173388
17383862298057491809
8030707125249750668
8490245270360272986
15182527026982954694
14125186412911573423
1262600024832291372
9806412662608192000
12761142339698897569
1930061465283338535
2139801655277685667
14912003518425952209
15207618962722216117
1565261421563766765
16513449137041283592
4534422099245292714
886012180890750030
10936526085528190889
8996278909784906796
6203541990188666856
11706966539473138702
2752341692579949447
9260835933841995427
316764476837530341
1683057616194752709
9214274567968275632
15616698641015177108
12310182876797576754
592835387914023869
8336471418351163449
7742345298724472448
12404726881981786193
15251887762495533650
2574487836998217939
2148801526940884200
10423456863573476435
740472198017080842
9197995495574268934
6558110179164768868
3778225335211594910
11996522629490130333
967332321029885091
15564946096525386737
1998493613207973342
4462067139630668716
868155147919581344
8473048136402056884
14664460079109911141
7643409598396980682
1185274728117465470
3806162157312716991
15876498958784795887
5129971523656009434
3065044247237059994
17707822952791368369
5402396288790681964
16686363420566301835
17037894025228314090
4661138211621164270
17626695965285041557
17483451453036157908
15057305032293387059
6614196010357986523
14533550605700730747
16045693110842147038
86958739780190155
5430019150407735619
2812404413663640969
8171560653204965367
13396591030873621888
17662332791826895197
7015826629489998630
17720881635468301614
2495638117343839498
15872265059507774555
4206795403398567152
14282936202403724237
7042254994863937538
13305974099546635958
16403195341277969835
17699927744894097309
13470556441847568368
16206413183313164849
2116508604963152440
12249800829367284758
18377889423277741999
9537407365930223155
1242197853481080692
16938489685853376899
11200013318199660267
17379530557664791943
12892654320168440041
3517113235013310725
9578365966413583049
17270116489102613116
1798662448701634653
3889835590572031265
2450701416357846905
17237962906896647673
16683513473157047241
14657664533053181031
16323629444521985850
772440552382255046
3920930695678831183
1326417132894082308
14076683465507996338
16341667072337373792
1607446090157984944
14149410262693846184
12852649963575233090
13698119011954473204
7059777638832842950
12561028117532162662
7249836441833976858
3189168727600683312
1512180552135033000
151075124549033450
1590549533371010372
6767742304592156306
7896322433186174385
3471309577180905342
287220246558562848
15173591053574405309
6849763198520265199
6817798212543404296
3960461105462580311
9290006893322648331
2737131065035116745
2867516576068883237
7916195510439559296
15248365671629653265
192573910898679882
785664339886957234
11897467357575402158
3540747268938747711
2631741890581638788
1340207016701830657
15828568054653660486
13853471602805276254
12806833762798642646
11312436481022512119
501977542329226221
11853930920893677485
11846236626667239610
9081669462265990368
4951719587391998931
15551123033653007377
12954113891772397274
16542640528184125927
16590553418165958251
16420900173499972727
11756825268821131228
17270399324890869973
16033135267915810216
6686367688574230067
8872773480040538281
16123540706355665591
16950893879719108190
16269377434949960732
9591780051132529276
13419994135530749653
8845719116291772813
13613730802488418646
2743882230916493922
8581201661510857468
10150709601296759610
10337337331096316310
14123658133604488143
13330284274827555877
15932040156801233669
8408201869211353243
17860691097194871875
9191676997121112123
8243915066403984430
12989032969121712429
15902655278810117441
17204881356220425488
12461019496964028086
10876078591633374965
6876420319975958689
15573809274285527667
11371060260457810037
2874185409664238614
13515550063721294629
14576713032136906099
6116502520489929357
10709341635739330739
11171071476308214995
11847690765046516449
17837491694972713071
11254602384772869615
6589091028502690836
15528089199422007008
6731523856112450658
14769305104806538425
12031075102061565004
16798175259792805207
12898912183395138989
5715651525905747448
11073365279950801213
10840859641856300666
725699894922983117
17095440315324356185
14309298625833532684
3620723085438652675
15656002518046496732
2868706865191635757
5430492890577892866
3389512424302388228
13253373268039149085
9568134640113103488
4795168919056341587
15145605771007711204
18313344151913083647
436166767530844789
1027552737622020593
159487857601412559
5103042483956573948
1585545850718698514
17272815833152992190
11839954009542385070
14553816234644632482
229696053525114331
11019735899804132594
12604921234040708288
5532655643731181536
9432789202013202099
2069973225690361349
1083088722320385809
18299208839268596582
5016960269850212540
6410651044935755444
4362080213785518366
13685180278807499268
1577159921918073952
10578042356565706202
13476221356207065453
3184760656109826057
3168047960216479545
9651244295395497742
9373984299572259837
7894442985399373320
6095387740489730707
1005998793517194209
14939424981715340517
9787761741249990264
2082232021396608757
14301579258302520915
14198340658526877830
8543320341737964758
3307875949375152182
14109922879970035366
15462887953135416602
14232541106153632856
3904107679495919961
12560118625101213831
6801982385926626661
17028891057506688003
10593741883486582762
16099904157786624320
17602974824764755863
15116273975514179940
13451050475020240974
18167001216789485973
2991163607304019420
2409567900673795611
18292543404032564720
13741560447150080960
781783322249886560
8413146329544280937
15115587853151499572
9745691034725833072
15249487164880033997
8809800505743578133
1192295468473375163
11769762961958936165
2040066263258861128
6694083083363615687
13037318497635138437
16936474796576384173
11984435121915370726
16175744795673809661
6235330846678990040
11634222782993667681
9023621802390373804
13526188748229557923
5306537703468780912
939738356816354876
9163783863233863500
16471534362760120918
17596866715346286544
9108889746028410703
12138105244504849233
17056287129341346817
11190268722901280265
13898344324803620526
12909319269763101761
5211115015523703612
5418890436592845874
15791942317835806510
8915749936381744144
14049062049037487201
11194375024613955849
6509226632792151042
12813509627718268337
2798769033825484425
12072901167110216278
16206296671008569193
17497807257329119171
8467810453804433845
3233680186593767435
7561565913806111631
17643106266851538316
10732406389452956473
9279476849732495415
7052938158685658631
14175934072404526878
15090483553124952148
1224485535934427249
6613024511778070107
5114145200206417892
14407822532172496820
686623877187970253
11561269029515104902
14248847500126099104
1305961281935463057
11256567160511258084
13583105163036663357
1686688962002908113
2066691732226574320
12666345229212282694
14627719537886469809
3128300827883161617
9145731335038763123
12528201028562987284
8767158209719485452
15992930246972209169
1112914853483403505
7628715043616619340
13435255206363649767
3799194223729862841
16815466946351869092
6747422340528087663
15060932466269815966
17653831306435135587
1259676479113854766
14174312892429953662
13785500072013239507
11766981029412162059
8993227156949980929
12409999195844651714
11754343700827837117
3436688693710979884
8192056541605958358
9824478818019789370
4055795177535209341
849523555731296873
3343118456493061529
15325796172190064604
10288276446022368511
11263841987227156012
17315245624822986440
6387883062920579501
1296786554448025581
3505596339527850424
6822157347310818020
13925614457829988332
13003566115280473445
17411338634752619029
4087766931770823071
6140733103462002062
8231485972689181543
937261121067054075
4795963659938393142
323343103739606588
8013622860191339171
14431701714524094645
11124714157173170193
5515218683065266537
14330702922318706363
6617461675217668783
14343363266180102809
5759913811985064980
6229468805688469990
11016574469671126979
7103626505871408298
12959712686925057581
15762725996750413333
17760270588872832269
14752126902777032791
14196521158419141712
7469868092304107627
1502040148594978959
810908834336276356
5590442645911470424
11883001152044989383
4307800655868612759
14689952717465901362
13508437185511549029
7582474547584305243
17659167576116842786
14187043856251976267
10793412172051246235
4964164612513600398
18296137823264362790
98034283137861742
11730960460953719204
1948733653416260636
6049611026250109092
3537533866042521467
1578122614122105741
12405323808628639260
15469277037362924041
17429543815892364205
5074892866309215571
4872503135987204030
2629837696713026059
9541624474208495030
6909048714621058490
16437124754795595260
16781534775082749688
8209752708115631520
10792264451834177631
14521076533707067814
5171176378044663256
4635862130881195037
14468542163779599163
15498842407160086754
2675767815307398015
1428407088615670002
5282326276443980912
12724429943787777255
15668837556037559135
4400224173958044981
13530826567613306785
10815244861152360215
3425916725698957787
13770424549976125422
1899007354032479065
3814655488685170712
2510518586829603349
2211039805179277172
11722408342446334902
5715191804072465017
1382414576514039442
9287731872057256153
2490029257889631229
17849905319598465805
575074935357023879
2226755393395083132
11065603657515134
833621265049502944
12283010728198929470
16162091895400587859
8247517357546113075
2288542884233692943
15861757313688621569
13525536997791804037
9700096964479131654
1654069771508910564
1322919935073282825
15251054137710885516
15040928121556492628
2882813939784539911
4070881873695303301
10479606114466088030
5514784019205462923
9517752372806957802
17875851137686463141
103739531227794533
18218688733846187866
1197563013489034887
5060245499023817742
1057977418382517145
3009051046431078651
9997575593193741539
3703385661687878021
3862354833003275024
12527145474710610327
2083596516048037337
17555624867233159754
7245979435848464349
6342219533232326959
5834765322530865638
15663090593132522535
17022651722841437539
6589830022120762916
6594625126775523781
16763057966653091934
16309926292945926941
10497601588777486455
3484816125330098959
1289816700883198844
5731435981211263739
15551544507843401914
11921543228142303000
1383584994661180681
18188161314911740441
2589744254827121110
7842900453202695622
9408060509652430005
14628642598264395789
5238680789324452053
1500432811139004044
4089666692606385293
17454052260106616328
11587476974180412315
8626102284276728077
16240365910995219709
13493259179427234439
6465383111413011260
1112515670661118870
18196123744571782486
8759464672204640392
17141956811594263985
18345895136465843900
3824154378443735381
6866697718202259867
11961536079038356967
7223446342698516157
9171338763075101149
12495366615396551068
7838636614011932953
18215624226298333304
1585076544250520403
17927738018238751391
2511432525605240631
10330872441733488896
12005124007913019300
11290734992637045821
5945182624153545536
74692667292169764
15163717397261259758
11149155450699001339
3374907331190686072
14220209040707242114
13752751532590934223
7747142977873524872
9220355218917582655
17773976481860363231
9155205527417199359
2941975181394786827
5821699207502803717
390276194669331103
16405817240112490924
1669324415570677779
3953386303019438610
3327801747854774496
6949072141113044724
12326212991055881347
11563456883644030027
1493589382222802156
13115786772067832046
5749188085697907048
16442587251302569719
15550257657199499752
15706379927697040873
9212381037151687714
1401934189730442130
3231987544506158309
16909865403413505868
3751239098112338654
3430099330061811081
4598998255302463280
6862209615884637522
2811385424171021044
4842702485247014075
13429398643585996305
6880135243135321913
6880754124677085047
6633207860560761116
9144081107607193384
12276085912401926944
3112564522788239002
5429901816414925184
3915305126917632181
5424878668781820517
13615228748778988669
14471868725878409914
15877341769189295853
3948735200732213501
2430553729362132013
16889002791013490253
1468673947584050238
14640440119028984444
6020487492214106537
18443266350541421491
6019576087505209242
11209523089359657153
17496738158824412567
7846233953947910499
2818300342655869961
13550458828441540176
12805459340947862878
13205670342611007504
8287753169396147366
14990784799107701531
13938052941319115936
16392946616666363780
17195783518102140507
8143371989984347952
15634871766511806724
9373297824573371922
13714038759131939103
3342951953186621683
6695755901876206939
14730876592034363522
124476729854094587
18421367862894008795
9904651976348723807
14142425935910774327
18284417518858540806
12764659564178582191
13360773722244290431
3110347731893794329
6800040885978927835
9145110827451611406
3997233671787402630
371607932468809415
18322439210830667032
3969945164008163584
2906964826188852352
16621779372552499204
18405055629834616628
3112889752278063001
379239880906107798
1186549578762377154
13642631721288926615
16990596937483039988
8429399477241057193
8649270420731536091
11599670405247116366
9602870625939551547
10165158834549508556
11118530911209485058
7468472959017996278
13445344229290641615
10210389022571616775
11747345443429156225
4771537563777076137
2723370039557214307
1392729932145385991
8275673044451249236
12605373931461201532
8661015725816666317
6439868769262579161
9507816676892868538
8556562192993965301
10814469951324919851
6820566196397892871
12154289904339298504
9511194984512565271
6344696953694702689
10777470535143963176
2899016761896607387
10900726674967654106
9113080648447700005
3679111936845386575
3241596539743226260
10717531275555344767
13708452016629279618
8015649608906892829
17092498417382951863
13389151640189635971
18144900550378940560
8391099375925699252
17551262373996006606
14913400397865982881
11542261121661603846
18052965925827658272
15479041721659334385
6476028042681886688
18438270926037003060
5326773407029747595
10045927477498143253
6255079904156517387
14620196531724584796
17625606940922290775
5193138193310285013
6141154985024726330
8082770379737802041
4562965011801491658
17433050280521344669
1248616410999489820
13951989529778169599
400613574254813978
6921905853196577646
16515498633516961066
17848556827166339085
15987608017109315754
17994197695905761379
11650886927529875195
7860132572699834394
3226909021043692691
10711874716929032506
6548652132196988913
9718880207512573293
14337398024027361082
3440547468879410937
11714276010390935108
12433448579207833192
14136191625950344289
7106725756288487091
2584983741619047652
15209745021743591732
13670387069751194504
11558538368063093309
3817338365050922912
14982221358702907579
17876192950008927968
7712337182605247349
8847130222610807584
8388380318487740882
1445209372988412366
14360910471973328597
3765703441783795114
1223487422827645399
15581376729331042688
14598176716237453591
11377821997192667199
17601014464195498078
5686853811537823090
2818345906077432229
13421128661309933930
12048931413310846915
13018571294932118702
6030274049712124665
11246990685066641968
7463559884578707293
9188490820673251001
6597443441721419697
9609489219226891908
13101891867505943848
17224318994409114443
8436235582563523188
1301605842312729339
11324155538302902818
8350435671794361762
11964856732014588500
8213174549623168342
11570211317688070885
11557654629731871716
12771796116134273980
7283013694515547216
990050289851296827
6756937795650164234
6515200474330247654
2746799594104896832
4148235387500820753
18100655345302161241
15148449439529687833
3300934890019555460
11739126846226360525
16908045735013960987
4511396818418239920
5072730068775600180
11346422169773698231
5914977478991547672
829303998639972697
7495286035303993098
6051293360723593214
5913000372460136119
2964886736447430367
14227382390502439977
3114959857764241374
4896780203404091422
4009410126883190217
907352016830409772
15034287464279875518
3521414185226275538
17216599361375963527
10897997147803380918
11153671075701888917
2744286647084986561
11314743246248423962
362913841291696122
5377260822310224951
8370882150867877593
14914398631461189517
18055305899608738594
17303113892708840625
16136562696038302598
5288013533419881911
2801746490292190560
2612263451348480557
15247851330257933759
8254056637095792898
4449325468612022921
9801748961635323397
8564080086179946462
14447924649977641173
4871766576770453750
17003384706675108691
8245531772157322088
17330840219808340990
16315644214271380596
3442268588154669911
120416720270500246
18269840669551906888
10839086518216048432
7453125771739869664
3167839434185176710
1482298714948592112
18025808019291147926
2727370447948869948
8645466302452440567
17417743546674790805
6457686472773252607
16360721403940069187
7303591686215209104
1670683415317459898
1862478201098863706
5114750882428707868
16603761384742785360
2064229935073689765
15064830173929911698
2958977764275344222
12018154381697586670
1788005393069262420
6327936140006128319
7275049505724966413
6706057179025098886
2664865239777350247
1982955386380249400
7786211388227125880
11864625272246502996
10654421488304384465
14943458910033340907
8068479385834192197
13321598277342454069
4370056710535763844
9497416109822188213
14390363770108672604
4268587596667215817
7172609684198688475
2522790012041661745
8366066892794862209
10419199270309464707
6315099850143017482
16871544814804643067
3284751280334992135
9981829127194652672
11372548653699314209
5931223868673636723
12717375373840897957
11607747012039726172
14865922340470912352
14376186384880618616
689425255090243426
502904344163126442
8316150165401516246
4093234165679461188
1775681623300832616
11993283059155729360
5563642154429010310
13155885047170474823
9731680478500984548
125925576390379655
6613898200329449382
14644695183499826655
13843665009790169926
13027019417800884636
1071509001333212809
11078816139353253185
3925893566760105484
13676752553518992190
15587344650859760447
13834683421016262986
13555120810802113541
12714192233854618864
18230704941221356509
6398515658071826839
6073875792457145197
6223485461200919532
12676420008678950866
2323607807883683748
857722039766249011
7971654329120476545
13463777872942745633
1983121393000847988
9383104026285176621
14494813559058640736
12901101999872671775
2805880935497564056
16749161831829139962
9023347395842466070
13894360218093106378
224636770351277182
4591871217020014550
10119914414716935737
11342739934660953604
6318303497628956449
9796338375174927677
2423332742172411519
14695576975085065862
9579421600721461400
13456414728902526331
14982146499706148331
12638795563565490793
15399082811850695875
8028082392733869902
8131878017179660816
4349384515265238193
11347660108948903698
17611922294919485824
7664433699355246808
3475000292599775428
10942986615870205546
6318993057537401813
15994320956569705140
1149128375812852473
17249370151240800803
16156284357341470793
15839728776442845463
17309397603964700428
6789920576433533166
14580223719053600204
6903821898987114534
6428977259712263826
17872613597342980131
2147281187475198818
4476591411906569451
6832019364320093007
10910524327694195459
13772817945428814183
8165366924577523981
6313148171058759830
2253800347926072303
12967633998624007287
11505189570185656447
14064363004691641687
1392052028417673528
1242551761124886192
11143149771698350061
301261172596695124
13044480298453208295
6579483016219238586
2999092937823393276
16167502273159259080
12150751756953449322
15578046208237758579
17422758662185636504
12002801652188848820
12296326612917986391
4585624849189151999
11628427924148007647
15061828707536501614
16570840629414318440
8509892673133592340
1347558514964148408
18059732609498422002
4714632522647834066
16021073340841986541
2255972746681902637
7142082149753098467
4769086384282971053
16658976598673641766
16141777635363957634
16228063746044265944
2602562282395639516
7933423018074923878
15301859329558380313
15577098879177796056
15869050122087553634
5646550472978529272
13118963330556613487
8552386415624168553
9227264798088691851
13600677290276411265
8248327268003606132
7599699531063287405
12286301305332579010
2239368384589430295
14932412823601750065
1348309236691961536
14637081742576974567
925959778748084458
14392997886784040060
873554608501105289
791759602904146431
12044935504594353740
8814819898341092168
9872523409720610463
5075990876382755972
103592467367232771
14640345957071505616
16011721119759610988
17707192235454813458
11729339369839329264
11129278735060327542
4773221341722904724
4725847079013019936
18165510258038530118
6660958429499668986
326307441068617233
11287672567829757636
7836963326637900320
7204050901172361714
17028516163055531752
7094511303302087710
6917136782320038191
2436532592392585542
8607928348571297479
8995584341056541990
5156001254057144410
11104539458923169431
14002896419073346351
199297445535246262
14534305891649105319
18095344013951344959
6516702219224674636
5451935107821324897
18126753682458447038
7797121976967439357
1720403143394771659
18115744070583835760
15037431150385394423
12511636424984419023
12933861397624310395
3886810482984036173
4267481048380686644
11378774353010738292
13537546024259851782
10492046384407155449
16607555653966641298
15668831687896176238
15549061658607711522
5281754460235301481
3993676326859974970
2718371469070999809
10650879646885496948
16594142437274433449
5618187755484512177
5345014695762221839
3105253570959644357
10539591633987627285
9309715497612948115
4826516654086319724
317434636979109160
1206158184553319812
16493657466368168231
16867870242269239877
14358039221613945478
1761895883644905155
9058211335668634016
8233484577556323684
15243640670829412765
3318016592125070665
1071349206298201918
3466155522193544967
14803794786533929118
12097528319082982729
4643371535677460878
1690422282951576412
14031005491903530302
3926846280222487750
10688027318389372367
13622228612230408897
2557291657655828744
11076370714224609552
17504016292177905187
16867369243527425072
13116424730110740850
2111556539582951408
7360629487829500945
12981362673567326024
14597385868021109548
3060045069052562096
8017757491590462144
6395693550441617554
3363153954813650818
10827121893762309214
11743507733356666187
8273236128242129752
8227897473664573096
9817136645577513139
2762453786012211246
4921384521999361209
6427356507131407147
18079182773598138937
5503877690153780698
4196604335882861781
5699333282453812877
14387782953863605819
796223470490173243
10019428783591201121
9850930067154634382
7492874584527107557
10839557715028893719
11524140149637185769
6783604227140921163
2658501604606674425
18142161111144168042
14220691147171425571
1676476649456875321
16841663153901671433
15364819298720302824
192988611513586063
10673059455317820103
14447112256505803468
17147448052461347403
16187647368315582519
8545951800180485813
4185993038394771591
13444996727801969253
10127794265917796111
8088203532048174069
12586321221152778404
12086167294499908698
13765666134840489346
9002771004001498968
13472160667485916179
3963830848753916081
2116989453190239961
9208798853858067389
3665245578741978738
3482673480369709546
12187878134276475411
1931195021371552494
8472002923565535913
9792448933333557422
5644290222526275577
8136471418624866750
11041909679412269605
1665758607481746396
6773806535125711342
3268989017712820500
17004058720744527044
1597691320513399394
4681463656773271132
6500046233113717828
7498561696521810498
5037300884352248283
2999102431296959750
8736968377147549172
6488065395468686600
11665976839065554032
7184374828337199765
5549041244052548094
6449029024023867335
6678419587112944896
7037021563208593050
17982273024087331619
18263744365016366899
17671641453793767115
15873015163559105585
784173227228613305
7113997228353458415
12060124574396338498
4865671592456286423
5223816077257603865
6302485682914018951
10076459875791962822
6984468664354086899
17292456173534314745
7400994185299650479
6948576204782629867
9232563096275438205
11578048940007006049
6886520397566223120
4768530731517961543
12004790651755954708
6428168023976670856
10500279235883426641
3907188483393935709
16047092493802644134
10693206343548747627
13242824453876101195
14196757155057487899
2773224262595537818
7782043701931276298
6649975130724452459
8050108699681914786
5019317137924348348
4442216992638548589
406743382443420557
12187267057479264501
2027872382674036410
9313531156054212187
4203234174936471167
17083586959442953880
11546467268442621134
17659847922208236496
12811645408652589610
17954164283470529238
5023788809209093709
9553903050330469829
5862360853681260247
4843429120666901814
202131377619760106
13058676996217695480
4561302094203707565
12338924456736023770
1712396808525593081
6905686749662321033
12673282415130353326
17192905330013989020
15686151736757838813
8519486489798872857
9343357415291959913
12782021228171047291
8895046979010425561
7280641241631886070
8931156196047234194
5930928697977809920
12023912097099546924
2922861363037298912
16430468144015236080
11050256723068064601
16697111200514182102
11973003527953275997
7932931430806193719
17006655531746542342
7726185402928965253
9216079537485696009
15688407604437161827
7870677022341632377
12834002540298946462
9308751900871664281
3004570246029238220
7657345755475787445
2312964859205818945
8978225059614043877
15400974197517975967
9368853338950414677
11323826461795417698
9978632427433939637
8957603390018204564
8570113532776560986
11821839234496899253
6681892132440906644
12031992549528836993
15859517473685087541
6708039462977417860
17802441345110447145
16312284946730948012
16236801067431457468
8056814245717132379
2850627672003375369
5833383634230766431
11231794408604973249
245643714767553352
6728765040443181277
13941685280410692826
14319717569941854403
105105237482510502
3755412669879426045
17580894975001529384
521470237441234286
12081019053034058395
17059665609335452476
6145704927502204146
17169801364938531687
4635370828358050302
15336920792406041660
388639975248345132
13877984106848006143
9306008721141064158
17501120204742742665
10703197673380910469
11678873001097585408
10173902347349693109
1211654058606673609
15546720902295687881
614956098268163829
5683038035346286502
16941529988248844946
9468377998387232075
14544731519793341300
13957193594485226082
6548545859220659790
1348042466
841539415165780831
15059950717509440412
8203653444578285572
16384690022721388078
7290534975576991276
12163849536751198296
3046839180162419877
13233308750539886151
17138829061642276328
10948002598818267253
17532204621987346500
1288057844309609610
17499705547816067449
13536264826763565705
12236648430102876744
2603021602281049973
263812360228702308
13514917029022889668
10593186631268433160
3170907184822864413
11109395550867416090
17573922154676531972
291288992813482378
1646770941550933162
6187785034258785134
13808218334375472253
13554930057724333422
16097162829550704520
2242395150778537927
5222226121362177503
1680744588958193838
9431845538921274087
9607122277766007145
10596374189893078243
17450499666599218810
10536139669876519254
8071974299159078780
2108888205053243600
3353379682425139395
560159903570416333
9315695789069623725
15204972160511920591
6651464782698099740
18415001803157329530
7780833457546870228
18324052926535614846
15569555517149002133
3459255939663279744
7446457660184252769
4723644269590817820
17494795973434417618
17256975445195564620
12737705678694045795
9990220738884709581
18172198856348913077
14329471267055055718
14404508441872907113
18022858741389546005
3160758157564346030
12154726862171804436
5215762791066942760
9352761002800684937
1419567061659479568
2968471225523162812
16946291525136165696
17894001569556575619
12639032320734114120
7392416448564788858
14099697308171152513
511811220243728563
9852526917964636736
7225259157996652315
1772107567646544052
16090118124908059541
4792639800086006755
3734749103720410061
9091593298042183433
10784866962491865944
6544736507913168339
16165696561629620122
3698529787668625041
5321708044775270181
14010708620624046221
4342744675922939339
3140304295617662826
9653124590307519439
3853697197642887350
16421716086407481069
11616380518993034247
8280848308694152875
12848498453233286558
8403995109182533189
3405237107956699633
9299515629782518777
3864567737719282938
11985600410337602086
17512669851184715894
2879890087697109774
4160900452576970982
16332755515527131135
5904686286018260845
751417507822812553
1237626875751240607
15310598380377818909
14048977195193867389
2555967024569568836
3822049665738423250
5299643871794264183
10738785100885451182